pb
rb
pb
ra
ra
pb
rb
ra
pb
ra
pb
pb
rb
pb
rb
ra
pb
pb
rb
ra
pb
rb
pb
pb
pb
rb
ra

     -932[1]
     -636[4]
     -972[0]
     -780[2]
     -691[3]
     -609[5]
932[18] -320[7]
271[14] -250[8]
987[19] 64[12]
602[16] 52[11]
222[13] -453[6]
488[15] -26[10]
920[17] -183[9]
-    -
a    b

rrr
rrr
rrr
rrr
rrr
rrr
rrr

     -320[7]
     -250[8]
     64[12]
     52[11]
     -453[6]
     -26[10]
932[18] -183[9]
271[14] -932[1]
987[19] -636[4]
602[16] -972[0]
222[13] -780[2]
488[15] -691[3]
920[17] -609[5]
-    -
a    b

ra
pb
ra
pb
rb
pb
pb
rb
pb
rb

     222[0]
     271[1]
     -320[7]
     -250[8]
     64[12]
     52[11]
     -453[6]
     -26[10]
     -183[9]
     -932[1]
     -636[4]
     -972[0]
     -780[2]
     -691[3]
     -609[5]
     602[3]
932[5] 488[2]
987[6] 920[4]
-    -
a    b

rrr
rrr
rrb

     602[3]
     488[2]
     920[4]
     222[0]
     271[1]
     -320[7]
     -250[8]
     64[12]
     52[11]
     -453[6]
     -26[10]
     -183[9]
     -932[1]
     -636[4]
     -972[0]
     -780[2]
932[5] -691[3]
987[6] -609[5]
-    -
a    b

rb
sb
rrb
sb
pa
pa
pa
sb
pa
pa
rb
pa
ra
pa
pa
rb
pa
ra
pa
ra

52[5]
64[6]
222[0]
271[1]
488[2] -932[1]
602[3] -636[4]
920[4] -972[0]
932[5] -780[2]
987[6] -691[3]
-250[2] -609[5]
-26[4] -320[1]
-183[3] -453[0]
-    -
a    b

rrr
rrr
rra

-250[2]
-26[4]
-183[3]
52[5]
64[6] -320[1]
222[0] -453[0]
271[1] -932[1]
488[2] -636[4]
602[3] -972[0]
920[4] -780[2]
932[5] -691[3]
987[6] -609[5]
-    -
a    b

ra
sa
rra
pa
pa
rb
pa
ra
rb
pa
ra
pa
ra
pa

-609[5]
-453[0]
-320[1]
-250[2]
-183[3]
-26[4]
52[5]
64[6]
222[0]
271[1]
488[2]
602[3]
920[4]
932[5]
987[6]
-636[4]
-780[2] -932[1]
-691[3] -972[0]
-    -
a    b

rrr
rrr
rra

-636[4]
-780[2]
-691[3]
-609[5]
-453[0]
-320[1]
-250[2]
-183[3]
-26[4]
52[5]
64[6]
222[0]
271[1]
488[2]
602[3]
920[4]
932[5] -932[1]
987[6] -972[0]
-    -
a    b

sa
ra
sa
rra
pa
pa
